/*--------------------------------*- C++ -*----------------------------------*\
  =========                 |
  \\      /  F ield         | OpenFOAM: The Open Source CFD Toolbox
   \\    /   O peration     | Website:  https://openfoam.org
    \\  /    A nd           | Version:  9
     \\/     M anipulation  |
\*---------------------------------------------------------------------------*/
FoamFile
{
    format      ascii;
    class       labelList;
    note        "nPoints: 5408 nCells: 2601 nFaces: 10506 nInternalFaces: 5100";
    location    "constant/polyMesh";
    object      neighbour;
}
// * * * * * * * * * * * * * * * * * * * * * * * * * * * * * * * * * * * * * //


5100
(
1
51
2
52
3
53
4
54
5
55
6
56
7
57
8
58
9
59
10
60
11
61
12
62
13
63
14
64
15
65
16
66
17
67
18
68
19
69
20
70
21
71
22
72
23
73
24
74
25
75
26
76
27
77
28
78
29
79
30
80
31
81
32
82
33
83
34
84
35
85
36
86
37
87
38
88
39
89
40
90
41
91
42
92
43
93
44
94
45
95
46
96
47
97
48
98
49
99
50
100
101
52
102
53
103
54
104
55
105
56
106
57
107
58
108
59
109
60
110
61
111
62
112
63
113
64
114
65
115
66
116
67
117
68
118
69
119
70
120
71
121
72
122
73
123
74
124
75
125
76
126
77
127
78
128
79
129
80
130
81
131
82
132
83
133
84
134
85
135
86
136
87
137
88
138
89
139
90
140
91
141
92
142
93
143
94
144
95
145
96
146
97
147
98
148
99
149
100
150
101
151
152
103
153
104
154
105
155
106
156
107
157
108
158
109
159
110
160
111
161
112
162
113
163
114
164
115
165
116
166
117
167
118
168
119
169
120
170
121
171
122
172
123
173
124
174
125
175
126
176
127
177
128
178
129
179
130
180
131
181
132
182
133
183
134
184
135
185
136
186
137
187
138
188
139
189
140
190
141
191
142
192
143
193
144
194
145
195
146
196
147
197
148
198
149
199
150
200
151
201
152
202
203
154
204
155
205
156
206
157
207
158
208
159
209
160
210
161
211
162
212
163
213
164
214
165
215
166
216
167
217
168
218
169
219
170
220
171
221
172
222
173
223
174
224
175
225
176
226
177
227
178
228
179
229
180
230
181
231
182
232
183
233
184
234
185
235
186
236
187
237
188
238
189
239
190
240
191
241
192
242
193
243
194
244
195
245
196
246
197
247
198
248
199
249
200
250
201
251
202
252
203
253
254
205
255
206
256
207
257
208
258
209
259
210
260
211
261
212
262
213
263
214
264
215
265
216
266
217
267
218
268
219
269
220
270
221
271
222
272
223
273
224
274
225
275
226
276
227
277
228
278
229
279
230
280
231
281
232
282
233
283
234
284
235
285
236
286
237
287
238
288
239
289
240
290
241
291
242
292
243
293
244
294
245
295
246
296
247
297
248
298
249
299
250
300
251
301
252
302
253
303
254
304
305
256
306
257
307
258
308
259
309
260
310
261
311
262
312
263
313
264
314
265
315
266
316
267
317
268
318
269
319
270
320
271
321
272
322
273
323
274
324
275
325
276
326
277
327
278
328
279
329
280
330
281
331
282
332
283
333
284
334
285
335
286
336
287
337
288
338
289
339
290
340
291
341
292
342
293
343
294
344
295
345
296
346
297
347
298
348
299
349
300
350
301
351
302
352
303
353
304
354
305
355
356
307
357
308
358
309
359
310
360
311
361
312
362
313
363
314
364
315
365
316
366
317
367
318
368
319
369
320
370
321
371
322
372
323
373
324
374
325
375
326
376
327
377
328
378
329
379
330
380
331
381
332
382
333
383
334
384
335
385
336
386
337
387
338
388
339
389
340
390
341
391
342
392
343
393
344
394
345
395
346
396
347
397
348
398
349
399
350
400
351
401
352
402
353
403
354
404
355
405
356
406
407
358
408
359
409
360
410
361
411
362
412
363
413
364
414
365
415
366
416
367
417
368
418
369
419
370
420
371
421
372
422
373
423
374
424
375
425
376
426
377
427
378
428
379
429
380
430
381
431
382
432
383
433
384
434
385
435
386
436
387
437
388
438
389
439
390
440
391
441
392
442
393
443
394
444
395
445
396
446
397
447
398
448
399
449
400
450
401
451
402
452
403
453
404
454
405
455
406
456
407
457
458
409
459
410
460
411
461
412
462
413
463
414
464
415
465
416
466
417
467
418
468
419
469
420
470
421
471
422
472
423
473
424
474
425
475
426
476
427
477
428
478
429
479
430
480
431
481
432
482
433
483
434
484
435
485
436
486
437
487
438
488
439
489
440
490
441
491
442
492
443
493
444
494
445
495
446
496
447
497
448
498
449
499
450
500
451
501
452
502
453
503
454
504
455
505
456
506
457
507
458
508
509
460
510
461
511
462
512
463
513
464
514
465
515
466
516
467
517
468
518
469
519
470
520
471
521
472
522
473
523
474
524
475
525
476
526
477
527
478
528
479
529
480
530
481
531
482
532
483
533
484
534
485
535
486
536
487
537
488
538
489
539
490
540
491
541
492
542
493
543
494
544
495
545
496
546
497
547
498
548
499
549
500
550
501
551
502
552
503
553
504
554
505
555
506
556
507
557
508
558
509
559
560
511
561
512
562
513
563
514
564
515
565
516
566
517
567
518
568
519
569
520
570
521
571
522
572
523
573
524
574
525
575
526
576
527
577
528
578
529
579
530
580
531
581
532
582
533
583
534
584
535
585
536
586
537
587
538
588
539
589
540
590
541
591
542
592
543
593
544
594
545
595
546
596
547
597
548
598
549
599
550
600
551
601
552
602
553
603
554
604
555
605
556
606
557
607
558
608
559
609
560
610
611
562
612
563
613
564
614
565
615
566
616
567
617
568
618
569
619
570
620
571
621
572
622
573
623
574
624
575
625
576
626
577
627
578
628
579
629
580
630
581
631
582
632
583
633
584
634
585
635
586
636
587
637
588
638
589
639
590
640
591
641
592
642
593
643
594
644
595
645
596
646
597
647
598
648
599
649
600
650
601
651
602
652
603
653
604
654
605
655
606
656
607
657
608
658
609
659
610
660
611
661
662
613
663
614
664
615
665
616
666
617
667
618
668
619
669
620
670
621
671
622
672
623
673
624
674
625
675
626
676
627
677
628
678
629
679
630
680
631
681
632
682
633
683
634
684
635
685
636
686
637
687
638
688
639
689
640
690
641
691
642
692
643
693
644
694
645
695
646
696
647
697
648
698
649
699
650
700
651
701
652
702
653
703
654
704
655
705
656
706
657
707
658
708
659
709
660
710
661
711
662
712
713
664
714
665
715
666
716
667
717
668
718
669
719
670
720
671
721
672
722
673
723
674
724
675
725
676
726
677
727
678
728
679
729
680
730
681
731
682
732
683
733
684
734
685
735
686
736
687
737
688
738
689
739
690
740
691
741
692
742
693
743
694
744
695
745
696
746
697
747
698
748
699
749
700
750
701
751
702
752
703
753
704
754
705
755
706
756
707
757
708
758
709
759
710
760
711
761
712
762
713
763
764
715
765
716
766
717
767
718
768
719
769
720
770
721
771
722
772
723
773
724
774
725
775
726
776
727
777
728
778
729
779
730
780
731
781
732
782
733
783
734
784
735
785
736
786
737
787
738
788
739
789
740
790
741
791
742
792
743
793
744
794
745
795
746
796
747
797
748
798
749
799
750
800
751
801
752
802
753
803
754
804
755
805
756
806
757
807
758
808
759
809
760
810
761
811
762
812
763
813
764
814
815
766
816
767
817
768
818
769
819
770
820
771
821
772
822
773
823
774
824
775
825
776
826
777
827
778
828
779
829
780
830
781
831
782
832
783
833
784
834
785
835
786
836
787
837
788
838
789
839
790
840
791
841
792
842
793
843
794
844
795
845
796
846
797
847
798
848
799
849
800
850
801
851
802
852
803
853
804
854
805
855
806
856
807
857
808
858
809
859
810
860
811
861
812
862
813
863
814
864
815
865
866
817
867
818
868
819
869
820
870
821
871
822
872
823
873
824
874
825
875
826
876
827
877
828
878
829
879
830
880
831
881
832
882
833
883
834
884
835
885
836
886
837
887
838
888
839
889
840
890
841
891
842
892
843
893
844
894
845
895
846
896
847
897
848
898
849
899
850
900
851
901
852
902
853
903
854
904
855
905
856
906
857
907
858
908
859
909
860
910
861
911
862
912
863
913
864
914
865
915
866
916
917
868
918
869
919
870
920
871
921
872
922
873
923
874
924
875
925
876
926
877
927
878
928
879
929
880
930
881
931
882
932
883
933
884
934
885
935
886
936
887
937
888
938
889
939
890
940
891
941
892
942
893
943
894
944
895
945
896
946
897
947
898
948
899
949
900
950
901
951
902
952
903
953
904
954
905
955
906
956
907
957
908
958
909
959
910
960
911
961
912
962
913
963
914
964
915
965
916
966
917
967
968
919
969
920
970
921
971
922
972
923
973
924
974
925
975
926
976
927
977
928
978
929
979
930
980
931
981
932
982
933
983
934
984
935
985
936
986
937
987
938
988
939
989
940
990
941
991
942
992
943
993
944
994
945
995
946
996
947
997
948
998
949
999
950
1000
951
1001
952
1002
953
1003
954
1004
955
1005
956
1006
957
1007
958
1008
959
1009
960
1010
961
1011
962
1012
963
1013
964
1014
965
1015
966
1016
967
1017
968
1018
1019
970
1020
971
1021
972
1022
973
1023
974
1024
975
1025
976
1026
977
1027
978
1028
979
1029
980
1030
981
1031
982
1032
983
1033
984
1034
985
1035
986
1036
987
1037
988
1038
989
1039
990
1040
991
1041
992
1042
993
1043
994
1044
995
1045
996
1046
997
1047
998
1048
999
1049
1000
1050
1001
1051
1002
1052
1003
1053
1004
1054
1005
1055
1006
1056
1007
1057
1008
1058
1009
1059
1010
1060
1011
1061
1012
1062
1013
1063
1014
1064
1015
1065
1016
1066
1017
1067
1018
1068
1019
1069
1070
1021
1071
1022
1072
1023
1073
1024
1074
1025
1075
1026
1076
1027
1077
1028
1078
1029
1079
1030
1080
1031
1081
1032
1082
1033
1083
1034
1084
1035
1085
1036
1086
1037
1087
1038
1088
1039
1089
1040
1090
1041
1091
1042
1092
1043
1093
1044
1094
1045
1095
1046
1096
1047
1097
1048
1098
1049
1099
1050
1100
1051
1101
1052
1102
1053
1103
1054
1104
1055
1105
1056
1106
1057
1107
1058
1108
1059
1109
1060
1110
1061
1111
1062
1112
1063
1113
1064
1114
1065
1115
1066
1116
1067
1117
1068
1118
1069
1119
1070
1120
1121
1072
1122
1073
1123
1074
1124
1075
1125
1076
1126
1077
1127
1078
1128
1079
1129
1080
1130
1081
1131
1082
1132
1083
1133
1084
1134
1085
1135
1086
1136
1087
1137
1088
1138
1089
1139
1090
1140
1091
1141
1092
1142
1093
1143
1094
1144
1095
1145
1096
1146
1097
1147
1098
1148
1099
1149
1100
1150
1101
1151
1102
1152
1103
1153
1104
1154
1105
1155
1106
1156
1107
1157
1108
1158
1109
1159
1110
1160
1111
1161
1112
1162
1113
1163
1114
1164
1115
1165
1116
1166
1117
1167
1118
1168
1119
1169
1120
1170
1121
1171
1172
1123
1173
1124
1174
1125
1175
1126
1176
1127
1177
1128
1178
1129
1179
1130
1180
1131
1181
1132
1182
1133
1183
1134
1184
1135
1185
1136
1186
1137
1187
1138
1188
1139
1189
1140
1190
1141
1191
1142
1192
1143
1193
1144
1194
1145
1195
1146
1196
1147
1197
1148
1198
1149
1199
1150
1200
1151
1201
1152
1202
1153
1203
1154
1204
1155
1205
1156
1206
1157
1207
1158
1208
1159
1209
1160
1210
1161
1211
1162
1212
1163
1213
1164
1214
1165
1215
1166
1216
1167
1217
1168
1218
1169
1219
1170
1220
1171
1221
1172
1222
1223
1174
1224
1175
1225
1176
1226
1177
1227
1178
1228
1179
1229
1180
1230
1181
1231
1182
1232
1183
1233
1184
1234
1185
1235
1186
1236
1187
1237
1188
1238
1189
1239
1190
1240
1191
1241
1192
1242
1193
1243
1194
1244
1195
1245
1196
1246
1197
1247
1198
1248
1199
1249
1200
1250
1201
1251
1202
1252
1203
1253
1204
1254
1205
1255
1206
1256
1207
1257
1208
1258
1209
1259
1210
1260
1211
1261
1212
1262
1213
1263
1214
1264
1215
1265
1216
1266
1217
1267
1218
1268
1219
1269
1220
1270
1221
1271
1222
1272
1223
1273
1274
1225
1275
1226
1276
1227
1277
1228
1278
1229
1279
1230
1280
1231
1281
1232
1282
1233
1283
1234
1284
1235
1285
1236
1286
1237
1287
1238
1288
1239
1289
1240
1290
1241
1291
1242
1292
1243
1293
1244
1294
1245
1295
1246
1296
1247
1297
1248
1298
1249
1299
1250
1300
1251
1301
1252
1302
1253
1303
1254
1304
1255
1305
1256
1306
1257
1307
1258
1308
1259
1309
1260
1310
1261
1311
1262
1312
1263
1313
1264
1314
1265
1315
1266
1316
1267
1317
1268
1318
1269
1319
1270
1320
1271
1321
1272
1322
1273
1323
1274
1324
1325
1276
1326
1277
1327
1278
1328
1279
1329
1280
1330
1281
1331
1282
1332
1283
1333
1284
1334
1285
1335
1286
1336
1287
1337
1288
1338
1289
1339
1290
1340
1291
1341
1292
1342
1293
1343
1294
1344
1295
1345
1296
1346
1297
1347
1298
1348
1299
1349
1300
1350
1301
1351
1302
1352
1303
1353
1304
1354
1305
1355
1306
1356
1307
1357
1308
1358
1309
1359
1310
1360
1311
1361
1312
1362
1313
1363
1314
1364
1315
1365
1316
1366
1317
1367
1318
1368
1319
1369
1320
1370
1321
1371
1322
1372
1323
1373
1324
1374
1325
1375
1376
1327
1377
1328
1378
1329
1379
1330
1380
1331
1381
1332
1382
1333
1383
1334
1384
1335
1385
1336
1386
1337
1387
1338
1388
1339
1389
1340
1390
1341
1391
1342
1392
1343
1393
1344
1394
1345
1395
1346
1396
1347
1397
1348
1398
1349
1399
1350
1400
1351
1401
1352
1402
1353
1403
1354
1404
1355
1405
1356
1406
1357
1407
1358
1408
1359
1409
1360
1410
1361
1411
1362
1412
1363
1413
1364
1414
1365
1415
1366
1416
1367
1417
1368
1418
1369
1419
1370
1420
1371
1421
1372
1422
1373
1423
1374
1424
1375
1425
1376
1426
1427
1378
1428
1379
1429
1380
1430
1381
1431
1382
1432
1383
1433
1384
1434
1385
1435
1386
1436
1387
1437
1388
1438
1389
1439
1390
1440
1391
1441
1392
1442
1393
1443
1394
1444
1395
1445
1396
1446
1397
1447
1398
1448
1399
1449
1400
1450
1401
1451
1402
1452
1403
1453
1404
1454
1405
1455
1406
1456
1407
1457
1408
1458
1409
1459
1410
1460
1411
1461
1412
1462
1413
1463
1414
1464
1415
1465
1416
1466
1417
1467
1418
1468
1419
1469
1420
1470
1421
1471
1422
1472
1423
1473
1424
1474
1425
1475
1426
1476
1427
1477
1478
1429
1479
1430
1480
1431
1481
1432
1482
1433
1483
1434
1484
1435
1485
1436
1486
1437
1487
1438
1488
1439
1489
1440
1490
1441
1491
1442
1492
1443
1493
1444
1494
1445
1495
1446
1496
1447
1497
1448
1498
1449
1499
1450
1500
1451
1501
1452
1502
1453
1503
1454
1504
1455
1505
1456
1506
1457
1507
1458
1508
1459
1509
1460
1510
1461
1511
1462
1512
1463
1513
1464
1514
1465
1515
1466
1516
1467
1517
1468
1518
1469
1519
1470
1520
1471
1521
1472
1522
1473
1523
1474
1524
1475
1525
1476
1526
1477
1527
1478
1528
1529
1480
1530
1481
1531
1482
1532
1483
1533
1484
1534
1485
1535
1486
1536
1487
1537
1488
1538
1489
1539
1490
1540
1491
1541
1492
1542
1493
1543
1494
1544
1495
1545
1496
1546
1497
1547
1498
1548
1499
1549
1500
1550
1501
1551
1502
1552
1503
1553
1504
1554
1505
1555
1506
1556
1507
1557
1508
1558
1509
1559
1510
1560
1511
1561
1512
1562
1513
1563
1514
1564
1515
1565
1516
1566
1517
1567
1518
1568
1519
1569
1520
1570
1521
1571
1522
1572
1523
1573
1524
1574
1525
1575
1526
1576
1527
1577
1528
1578
1529
1579
1580
1531
1581
1532
1582
1533
1583
1534
1584
1535
1585
1536
1586
1537
1587
1538
1588
1539
1589
1540
1590
1541
1591
1542
1592
1543
1593
1544
1594
1545
1595
1546
1596
1547
1597
1548
1598
1549
1599
1550
1600
1551
1601
1552
1602
1553
1603
1554
1604
1555
1605
1556
1606
1557
1607
1558
1608
1559
1609
1560
1610
1561
1611
1562
1612
1563
1613
1564
1614
1565
1615
1566
1616
1567
1617
1568
1618
1569
1619
1570
1620
1571
1621
1572
1622
1573
1623
1574
1624
1575
1625
1576
1626
1577
1627
1578
1628
1579
1629
1580
1630
1631
1582
1632
1583
1633
1584
1634
1585
1635
1586
1636
1587
1637
1588
1638
1589
1639
1590
1640
1591
1641
1592
1642
1593
1643
1594
1644
1595
1645
1596
1646
1597
1647
1598
1648
1599
1649
1600
1650
1601
1651
1602
1652
1603
1653
1604
1654
1605
1655
1606
1656
1607
1657
1608
1658
1609
1659
1610
1660
1611
1661
1612
1662
1613
1663
1614
1664
1615
1665
1616
1666
1617
1667
1618
1668
1619
1669
1620
1670
1621
1671
1622
1672
1623
1673
1624
1674
1625
1675
1626
1676
1627
1677
1628
1678
1629
1679
1630
1680
1631
1681
1682
1633
1683
1634
1684
1635
1685
1636
1686
1637
1687
1638
1688
1639
1689
1640
1690
1641
1691
1642
1692
1643
1693
1644
1694
1645
1695
1646
1696
1647
1697
1648
1698
1649
1699
1650
1700
1651
1701
1652
1702
1653
1703
1654
1704
1655
1705
1656
1706
1657
1707
1658
1708
1659
1709
1660
1710
1661
1711
1662
1712
1663
1713
1664
1714
1665
1715
1666
1716
1667
1717
1668
1718
1669
1719
1670
1720
1671
1721
1672
1722
1673
1723
1674
1724
1675
1725
1676
1726
1677
1727
1678
1728
1679
1729
1680
1730
1681
1731
1682
1732
1733
1684
1734
1685
1735
1686
1736
1687
1737
1688
1738
1689
1739
1690
1740
1691
1741
1692
1742
1693
1743
1694
1744
1695
1745
1696
1746
1697
1747
1698
1748
1699
1749
1700
1750
1701
1751
1702
1752
1703
1753
1704
1754
1705
1755
1706
1756
1707
1757
1708
1758
1709
1759
1710
1760
1711
1761
1712
1762
1713
1763
1714
1764
1715
1765
1716
1766
1717
1767
1718
1768
1719
1769
1720
1770
1721
1771
1722
1772
1723
1773
1724
1774
1725
1775
1726
1776
1727
1777
1728
1778
1729
1779
1730
1780
1731
1781
1732
1782
1733
1783
1784
1735
1785
1736
1786
1737
1787
1738
1788
1739
1789
1740
1790
1741
1791
1742
1792
1743
1793
1744
1794
1745
1795
1746
1796
1747
1797
1748
1798
1749
1799
1750
1800
1751
1801
1752
1802
1753
1803
1754
1804
1755
1805
1756
1806
1757
1807
1758
1808
1759
1809
1760
1810
1761
1811
1762
1812
1763
1813
1764
1814
1765
1815
1766
1816
1767
1817
1768
1818
1769
1819
1770
1820
1771
1821
1772
1822
1773
1823
1774
1824
1775
1825
1776
1826
1777
1827
1778
1828
1779
1829
1780
1830
1781
1831
1782
1832
1783
1833
1784
1834
1835
1786
1836
1787
1837
1788
1838
1789
1839
1790
1840
1791
1841
1792
1842
1793
1843
1794
1844
1795
1845
1796
1846
1797
1847
1798
1848
1799
1849
1800
1850
1801
1851
1802
1852
1803
1853
1804
1854
1805
1855
1806
1856
1807
1857
1808
1858
1809
1859
1810
1860
1811
1861
1812
1862
1813
1863
1814
1864
1815
1865
1816
1866
1817
1867
1818
1868
1819
1869
1820
1870
1821
1871
1822
1872
1823
1873
1824
1874
1825
1875
1826
1876
1827
1877
1828
1878
1829
1879
1830
1880
1831
1881
1832
1882
1833
1883
1834
1884
1835
1885
1886
1837
1887
1838
1888
1839
1889
1840
1890
1841
1891
1842
1892
1843
1893
1844
1894
1845
1895
1846
1896
1847
1897
1848
1898
1849
1899
1850
1900
1851
1901
1852
1902
1853
1903
1854
1904
1855
1905
1856
1906
1857
1907
1858
1908
1859
1909
1860
1910
1861
1911
1862
1912
1863
1913
1864
1914
1865
1915
1866
1916
1867
1917
1868
1918
1869
1919
1870
1920
1871
1921
1872
1922
1873
1923
1874
1924
1875
1925
1876
1926
1877
1927
1878
1928
1879
1929
1880
1930
1881
1931
1882
1932
1883
1933
1884
1934
1885
1935
1886
1936
1937
1888
1938
1889
1939
1890
1940
1891
1941
1892
1942
1893
1943
1894
1944
1895
1945
1896
1946
1897
1947
1898
1948
1899
1949
1900
1950
1901
1951
1902
1952
1903
1953
1904
1954
1905
1955
1906
1956
1907
1957
1908
1958
1909
1959
1910
1960
1911
1961
1912
1962
1913
1963
1914
1964
1915
1965
1916
1966
1917
1967
1918
1968
1919
1969
1920
1970
1921
1971
1922
1972
1923
1973
1924
1974
1925
1975
1926
1976
1927
1977
1928
1978
1929
1979
1930
1980
1931
1981
1932
1982
1933
1983
1934
1984
1935
1985
1936
1986
1937
1987
1988
1939
1989
1940
1990
1941
1991
1942
1992
1943
1993
1944
1994
1945
1995
1946
1996
1947
1997
1948
1998
1949
1999
1950
2000
1951
2001
1952
2002
1953
2003
1954
2004
1955
2005
1956
2006
1957
2007
1958
2008
1959
2009
1960
2010
1961
2011
1962
2012
1963
2013
1964
2014
1965
2015
1966
2016
1967
2017
1968
2018
1969
2019
1970
2020
1971
2021
1972
2022
1973
2023
1974
2024
1975
2025
1976
2026
1977
2027
1978
2028
1979
2029
1980
2030
1981
2031
1982
2032
1983
2033
1984
2034
1985
2035
1986
2036
1987
2037
1988
2038
2039
1990
2040
1991
2041
1992
2042
1993
2043
1994
2044
1995
2045
1996
2046
1997
2047
1998
2048
1999
2049
2000
2050
2001
2051
2002
2052
2003
2053
2004
2054
2005
2055
2006
2056
2007
2057
2008
2058
2009
2059
2010
2060
2011
2061
2012
2062
2013
2063
2014
2064
2015
2065
2016
2066
2017
2067
2018
2068
2019
2069
2020
2070
2021
2071
2022
2072
2023
2073
2024
2074
2025
2075
2026
2076
2027
2077
2028
2078
2029
2079
2030
2080
2031
2081
2032
2082
2033
2083
2034
2084
2035
2085
2036
2086
2037
2087
2038
2088
2039
2089
2090
2041
2091
2042
2092
2043
2093
2044
2094
2045
2095
2046
2096
2047
2097
2048
2098
2049
2099
2050
2100
2051
2101
2052
2102
2053
2103
2054
2104
2055
2105
2056
2106
2057
2107
2058
2108
2059
2109
2060
2110
2061
2111
2062
2112
2063
2113
2064
2114
2065
2115
2066
2116
2067
2117
2068
2118
2069
2119
2070
2120
2071
2121
2072
2122
2073
2123
2074
2124
2075
2125
2076
2126
2077
2127
2078
2128
2079
2129
2080
2130
2081
2131
2082
2132
2083
2133
2084
2134
2085
2135
2086
2136
2087
2137
2088
2138
2089
2139
2090
2140
2141
2092
2142
2093
2143
2094
2144
2095
2145
2096
2146
2097
2147
2098
2148
2099
2149
2100
2150
2101
2151
2102
2152
2103
2153
2104
2154
2105
2155
2106
2156
2107
2157
2108
2158
2109
2159
2110
2160
2111
2161
2112
2162
2113
2163
2114
2164
2115
2165
2116
2166
2117
2167
2118
2168
2119
2169
2120
2170
2121
2171
2122
2172
2123
2173
2124
2174
2125
2175
2126
2176
2127
2177
2128
2178
2129
2179
2130
2180
2131
2181
2132
2182
2133
2183
2134
2184
2135
2185
2136
2186
2137
2187
2138
2188
2139
2189
2140
2190
2141
2191
2192
2143
2193
2144
2194
2145
2195
2146
2196
2147
2197
2148
2198
2149
2199
2150
2200
2151
2201
2152
2202
2153
2203
2154
2204
2155
2205
2156
2206
2157
2207
2158
2208
2159
2209
2160
2210
2161
2211
2162
2212
2163
2213
2164
2214
2165
2215
2166
2216
2167
2217
2168
2218
2169
2219
2170
2220
2171
2221
2172
2222
2173
2223
2174
2224
2175
2225
2176
2226
2177
2227
2178
2228
2179
2229
2180
2230
2181
2231
2182
2232
2183
2233
2184
2234
2185
2235
2186
2236
2187
2237
2188
2238
2189
2239
2190
2240
2191
2241
2192
2242
2243
2194
2244
2195
2245
2196
2246
2197
2247
2198
2248
2199
2249
2200
2250
2201
2251
2202
2252
2203
2253
2204
2254
2205
2255
2206
2256
2207
2257
2208
2258
2209
2259
2210
2260
2211
2261
2212
2262
2213
2263
2214
2264
2215
2265
2216
2266
2217
2267
2218
2268
2219
2269
2220
2270
2221
2271
2222
2272
2223
2273
2224
2274
2225
2275
2226
2276
2227
2277
2228
2278
2229
2279
2230
2280
2231
2281
2232
2282
2233
2283
2234
2284
2235
2285
2236
2286
2237
2287
2238
2288
2239
2289
2240
2290
2241
2291
2242
2292
2243
2293
2294
2245
2295
2246
2296
2247
2297
2248
2298
2249
2299
2250
2300
2251
2301
2252
2302
2253
2303
2254
2304
2255
2305
2256
2306
2257
2307
2258
2308
2259
2309
2260
2310
2261
2311
2262
2312
2263
2313
2264
2314
2265
2315
2266
2316
2267
2317
2268
2318
2269
2319
2270
2320
2271
2321
2272
2322
2273
2323
2274
2324
2275
2325
2276
2326
2277
2327
2278
2328
2279
2329
2280
2330
2281
2331
2282
2332
2283
2333
2284
2334
2285
2335
2286
2336
2287
2337
2288
2338
2289
2339
2290
2340
2291
2341
2292
2342
2293
2343
2294
2344
2345
2296
2346
2297
2347
2298
2348
2299
2349
2300
2350
2301
2351
2302
2352
2303
2353
2304
2354
2305
2355
2306
2356
2307
2357
2308
2358
2309
2359
2310
2360
2311
2361
2312
2362
2313
2363
2314
2364
2315
2365
2316
2366
2317
2367
2318
2368
2319
2369
2320
2370
2321
2371
2322
2372
2323
2373
2324
2374
2325
2375
2326
2376
2327
2377
2328
2378
2329
2379
2330
2380
2331
2381
2332
2382
2333
2383
2334
2384
2335
2385
2336
2386
2337
2387
2338
2388
2339
2389
2340
2390
2341
2391
2342
2392
2343
2393
2344
2394
2345
2395
2396
2347
2397
2348
2398
2349
2399
2350
2400
2351
2401
2352
2402
2353
2403
2354
2404
2355
2405
2356
2406
2357
2407
2358
2408
2359
2409
2360
2410
2361
2411
2362
2412
2363
2413
2364
2414
2365
2415
2366
2416
2367
2417
2368
2418
2369
2419
2370
2420
2371
2421
2372
2422
2373
2423
2374
2424
2375
2425
2376
2426
2377
2427
2378
2428
2379
2429
2380
2430
2381
2431
2382
2432
2383
2433
2384
2434
2385
2435
2386
2436
2387
2437
2388
2438
2389
2439
2390
2440
2391
2441
2392
2442
2393
2443
2394
2444
2395
2445
2396
2446
2447
2398
2448
2399
2449
2400
2450
2401
2451
2402
2452
2403
2453
2404
2454
2405
2455
2406
2456
2407
2457
2408
2458
2409
2459
2410
2460
2411
2461
2412
2462
2413
2463
2414
2464
2415
2465
2416
2466
2417
2467
2418
2468
2419
2469
2420
2470
2421
2471
2422
2472
2423
2473
2424
2474
2425
2475
2426
2476
2427
2477
2428
2478
2429
2479
2430
2480
2431
2481
2432
2482
2433
2483
2434
2484
2435
2485
2436
2486
2437
2487
2438
2488
2439
2489
2440
2490
2441
2491
2442
2492
2443
2493
2444
2494
2445
2495
2446
2496
2447
2497
2498
2449
2499
2450
2500
2451
2501
2452
2502
2453
2503
2454
2504
2455
2505
2456
2506
2457
2507
2458
2508
2459
2509
2460
2510
2461
2511
2462
2512
2463
2513
2464
2514
2465
2515
2466
2516
2467
2517
2468
2518
2469
2519
2470
2520
2471
2521
2472
2522
2473
2523
2474
2524
2475
2525
2476
2526
2477
2527
2478
2528
2479
2529
2480
2530
2481
2531
2482
2532
2483
2533
2484
2534
2485
2535
2486
2536
2487
2537
2488
2538
2489
2539
2490
2540
2491
2541
2492
2542
2493
2543
2494
2544
2495
2545
2496
2546
2497
2547
2498
2548
2549
2500
2550
2501
2551
2502
2552
2503
2553
2504
2554
2505
2555
2506
2556
2507
2557
2508
2558
2509
2559
2510
2560
2511
2561
2512
2562
2513
2563
2514
2564
2515
2565
2516
2566
2517
2567
2518
2568
2519
2569
2520
2570
2521
2571
2522
2572
2523
2573
2524
2574
2525
2575
2526
2576
2527
2577
2528
2578
2529
2579
2530
2580
2531
2581
2532
2582
2533
2583
2534
2584
2535
2585
2536
2586
2537
2587
2538
2588
2539
2589
2540
2590
2541
2591
2542
2592
2543
2593
2544
2594
2545
2595
2546
2596
2547
2597
2548
2598
2549
2599
2600
2551
2552
2553
2554
2555
2556
2557
2558
2559
2560
2561
2562
2563
2564
2565
2566
2567
2568
2569
2570
2571
2572
2573
2574
2575
2576
2577
2578
2579
2580
2581
2582
2583
2584
2585
2586
2587
2588
2589
2590
2591
2592
2593
2594
2595
2596
2597
2598
2599
2600
)


// ************************************************************************* //
